// Near Future Launch Vehicles 0.1.0
// 7.5m Cluster Mount - ITS Lower Stage
PART
{
	name = decoupler-75-1
	module = Part
	author = Chris Adderley

	MODEL
	{
		model = NearFutureLaunchVehicles/Parts/Structural/Mounting/cluster-mount-75-1
		scale = 1.0, 1.0, 1.0
	}
	scale = 1
	rescaleFactor = 1

  // Attachment
  attachRules = 1,0,1,1,0
	node_stack_top = 0.0, 1.88, 0, 0.0, 1.0, 0.0, 5

  // Nodes for 25x
	node_stack_bottom1a = 0.0, -5.020251, 0, 0.0, -1.0, 0.0, 1
  node_stack_bottom1b = 0.0, -5.020251, 0, 0.0, -1.0, 0.0, 1
  node_stack_bottom1c = 0.0, -5.020251, 0, 0.0, -1.0, 0.0, 1
  node_stack_bottom1d = 0.0, -5.020251, 0, 0.0, -1.0, 0.0, 1
	node_stack_bottom1e = 0.0, -5.020251, 0, 0.0, -1.0, 0.0, 1
	node_stack_bottom1f = 0.0, -5.020251, 0, 0.0, -1.0, 0.0, 1
  node_stack_bottom1g = 0.0, -5.020251, 0, 0.0, -1.0, 0.0, 1
  node_stack_bottom1h = 0.0, -5.020251, 0, 0.0, -1.0, 0.0, 1
  node_stack_bottom1i = 0.0, -5.020251, 0, 0.0, -1.0, 0.0, 1
	node_stack_bottom1j = 0.0, -5.020251, 0, 0.0, -1.0, 0.0, 1
	node_stack_bottom1k = 0.0, -5.020251, 0, 0.0, -1.0, 0.0, 1
  node_stack_bottom1l = 0.0, -5.020251, 0, 0.0, -1.0, 0.0, 1
  node_stack_bottom1m = 0.0, -5.020251, 0, 0.0, -1.0, 0.0, 1
  node_stack_bottom1n = 0.0, -5.020251, 0, 0.0, -1.0, 0.0, 1
	node_stack_bottom1o = 0.0, -5.020251, 0, 0.0, -1.0, 0.0, 1
	node_stack_bottom1p = 0.0, -5.020251, 0, 0.0, -1.0, 0.0, 1
  node_stack_bottom1q = 0.0, -5.020251, 0, 0.0, -1.0, 0.0, 1
  node_stack_bottom1r = 0.0, -5.020251, 0, 0.0, -1.0, 0.0, 1
  node_stack_bottom1s = 0.0, -5.020251, 0, 0.0, -1.0, 0.0, 1
	node_stack_bottom1t = 0.0, -5.020251, 0, 0.0, -1.0, 0.0, 1
	node_stack_bottom1u = 0.0, -5.020251, 0, 0.0, -1.0, 0.0, 1
  node_stack_bottom1v = 0.0, -5.020251, 0, 0.0, -1.0, 0.0, 1
  node_stack_bottom1w = 0.0, -5.020251, 0, 0.0, -1.0, 0.0, 1
  node_stack_bottom1x = 0.0, -5.020251, 0, 0.0, -1.0, 0.0, 1
	node_stack_bottom1y = 0.0, -5.020251, 0, 0.0, -1.0, 0.0, 1

	// Nodes for 7x
	node_stack_bottom2a = 0.0, -5.020251, 0, 0.0, -1.0, 0.0, 2
  node_stack_bottom2b = 0.0, -5.020251, 0, 0.0, -1.0, 0.0, 2
  node_stack_bottom2c = 0.0, -5.020251, 0, 0.0, -1.0, 0.0, 2
  node_stack_bottom2d = 0.0, -5.020251, 0, 0.0, -1.0, 0.0, 2
	node_stack_bottom2e = 0.0, -5.020251, 0, 0.0, -1.0, 0.0, 2
	node_stack_bottom2f = 0.0, -5.020251, 0, 0.0, -1.0, 0.0, 2
	node_stack_bottom2g = 0.0, -5.020251, 0, 0.0, -1.0, 0.0, 2

  // Tech
	TechRequired = highPerformanceFuelSystems
	entryCost = 125000

  // Info
	cost = 200000
	category = Structural
	subcategory = 0
	title = #LOC_NFLaunchVehicles_cluster-mount-75-1_title
	manufacturer = #LOC_NFLaunchVehicles_manufacturer_post-kerbin_title
	description = #LOC_NFLaunchVehicles_cluster-mount-75-1_description
	tags = adapt cluster many engine nearfuture its bfr spacex
  bulkheadProfiles = size5, size2, size1

  // Parameters
	mass = 3.0
	dragModelType = default
	maximum_drag = 0.2
	minimum_drag = 0.3
	angularDrag = 2
	crashTolerance = 6
	maxTemp = 2000
	breakingForce = 200
	breakingTorque = 200

  MODULE
	{
		name = ModuleB9PartSwitch
		moduleID = nodeSwitch
		switcherDescription = Mounting
		SUBTYPE
		{
			name = 25
      title = #LOC_NFLaunchVehicles_switcher_mount_variant-25s
      node = bottom1a
      node = bottom1b
      node = bottom1c
      node = bottom1d
			node = bottom1e
      node = bottom1f
      node = bottom1g
      node = bottom1h
			node = bottom1i
      node = bottom1j
      node = bottom1k
      node = bottom1l
			node = bottom1m
      node = bottom1n
      node = bottom1o
      node = bottom1p
			node = bottom1q
      node = bottom1r
      node = bottom1s
      node = bottom1t
			node = bottom1u
      node = bottom1v
      node = bottom1w
      node = bottom1x
			node = bottom1y
		}
		SUBTYPE
		{
			name = 7
      title = #LOC_NFLaunchVehicles_switcher_mount_variant-7l
      node = bottom2a
      node = bottom2b
      node = bottom2c
			node = bottom2d
      node = bottom2e
      node = bottom2f
			node = bottom2g

		}

	}

}
